yeast1
       nu    gamma  precision    recall        f1
0    0.95   1.0000   0.712474  0.958294  0.817300
1    0.95   3.0000   0.712068  0.956398  0.816343
2    0.95  30.0000   0.711158  0.954502  0.815055
3    0.95  10.0000   0.711552  0.951659  0.814274
4    0.95   0.3000   0.713877  0.945972  0.813698
5    0.90  10.0000   0.716418  0.909953  0.801670
6    0.90   3.0000   0.714179  0.907109  0.799165
7    0.90  30.0000   0.714820  0.905213  0.798829
8    0.90   1.0000   0.713966  0.906161  0.798663
9    0.85   1.0000   0.716877  0.861611  0.782609
10   0.85   3.0000   0.716548  0.857820  0.780846
11   0.85  10.0000   0.715421  0.853081  0.778210
12   0.85  30.0000   0.712926  0.852133  0.776339
13   0.80   3.0000   0.719328  0.811374  0.762584
14   0.80   0.3000   0.720439  0.808531  0.761947
15   0.80  10.0000   0.717155  0.812322  0.761778
16   0.80  30.0000   0.714883  0.810427  0.759662
17   0.80   1.0000   0.719626  0.802844  0.758961
18   0.85   0.1000   0.721311  0.792417  0.755194
19   0.75  30.0000   0.722772  0.761137  0.741459
20   0.75   3.0000   0.718750  0.763033  0.740230
21   0.75  10.0000   0.718109  0.763033  0.739890
22   0.85   0.0030   0.718638  0.760190  0.738830
23   0.75   0.3000   0.718133  0.758294  0.737667
24   0.75   0.0100   0.719775  0.727962  0.723845
25   0.75   1.0000   0.718021  0.728910  0.723424
26   0.70   1.0000   0.719282  0.721327  0.720303
27   0.70   0.0100   0.719848  0.718483  0.719165
28   0.70   3.0000   0.722222  0.714692  0.718437
29   0.70  10.0000   0.720192  0.709953  0.715036
30   0.70   0.3000   0.719653  0.708057  0.713808
31   0.70  30.0000   0.716332  0.710900  0.713606
32   0.65   0.0300   0.719403  0.685308  0.701942
33   0.80   0.1000   0.722334  0.680569  0.700830
34   0.65   0.1000   0.719000  0.681517  0.699757
35   0.85   0.3000   0.723644  0.670142  0.695866
36   0.65   1.0000   0.722620  0.669194  0.694882
37   0.65   0.0100   0.722966  0.665403  0.692991
38   0.65   0.3000   0.721480  0.665403  0.692308
39   0.65  10.0000   0.721362  0.662559  0.690711
40   0.65   3.0000   0.719876  0.662559  0.690030
41   0.65  30.0000   0.718686  0.663507  0.689995
42   0.60   0.0300   0.725511  0.638863  0.679435
43   0.60   0.3000   0.723640  0.618009  0.666667
44   0.60  10.0000   0.720490  0.613270  0.662570
45   0.60   3.0000   0.723094  0.611374  0.662558
46   0.60   1.0000   0.722783  0.610427  0.661871
47   0.60  30.0000   0.710817  0.610427  0.656808
48   0.90   0.3000   0.725236  0.582938  0.646348
49   0.55   1.0000   0.723480  0.575355  0.640971
50   0.55   0.1000   0.723225  0.569668  0.637328
51   0.55   0.3000   0.723225  0.569668  0.637328
52   0.55   0.0300   0.722557  0.567773  0.635881
53   0.55   3.0000   0.721351  0.566825  0.634820
54   0.55  10.0000   0.717548  0.565877  0.632750
55   0.45   0.3000   0.723587  0.558294  0.630284
56   0.50   0.1000   0.724138  0.557346  0.629888
57   0.45   0.0300   0.720497  0.549763  0.623656
58   0.55  30.0000   0.709091  0.554502  0.622340
59   0.50   0.3000   0.718147  0.528910  0.609170
60   0.50   1.0000   0.715969  0.518483  0.601429
61   0.50   3.0000   0.719577  0.515640  0.600773
62   0.75   0.1000   0.722296  0.512796  0.599778
63   0.50  10.0000   0.717507  0.512796  0.598121
64   0.50  30.0000   0.711258  0.509005  0.593370
65   0.70   0.1000   0.718881  0.487204  0.580791
66   0.35   0.1000   0.717300  0.483412  0.577576
67   0.60   0.0100   0.715297  0.478673  0.573538
68   0.45  30.0000   0.717546  0.476777  0.572893
69   0.30   0.1000   0.718169  0.475829  0.572406
70   0.45   0.1000   0.722384  0.471090  0.570281
71   0.50   0.0300   0.719653  0.472038  0.570120
72   0.45   1.0000   0.721168  0.468246  0.567816
73   0.40   0.3000   0.721816  0.467299  0.567319
74   0.45  10.0000   0.715530  0.467299  0.565367
75   0.45   3.0000   0.719530  0.464455  0.564516
76   0.25   0.0100   0.721068  0.460664  0.562175
77   0.95   0.1000   0.725490  0.455924  0.559953
78   0.60   0.1000   0.713860  0.454028  0.555041
79   0.10   0.0030   0.740260  0.432227  0.545781
80   0.40  10.0000   0.725522  0.428436  0.538737
81   0.80   0.0030   0.716772  0.429384  0.537048
82   0.40  30.0000   0.719298  0.427488  0.536266
83   0.15   0.0100   0.728758  0.422749  0.535093
84   0.40   0.1000   0.725649  0.423697  0.535009
85   0.40   0.0300   0.726384  0.422749  0.534452
86   0.40   3.0000   0.725041  0.419905  0.531813
87   0.40   1.0000   0.727273  0.417062  0.530120
88   0.05   0.0001   0.761141  0.404739  0.528465
89   0.05   0.0010   0.761141  0.404739  0.528465
90   0.05   0.0003   0.762075  0.403791  0.527881
91   0.35   0.0300   0.726351  0.407583  0.522162
92   0.20   0.0100   0.728522  0.401896  0.518021
93   0.30   0.0100   0.726804  0.400948  0.516799
94   0.90   0.1000   0.718966  0.395261  0.510092
95   0.35   0.3000   0.727437  0.381991  0.500932
96   0.80   0.0300   0.717314  0.384834  0.500925
97   0.10   0.0001   0.736549  0.376303  0.498118
98   0.10   0.0010   0.734694  0.375355  0.496863
99   0.10   0.0003   0.734201  0.374408  0.495920
100  0.95   0.0300   0.718412  0.377251  0.494717
101  0.35   1.0000   0.725275  0.375355  0.494691
102  0.90   0.0030   0.717902  0.376303  0.493781
103  0.15   0.0003   0.734962  0.370616  0.492754
104  0.35  30.0000   0.714801  0.375355  0.492231
105  0.15   0.0001   0.734463  0.369668  0.491803
106  0.15   0.0010   0.734463  0.369668  0.491803
107  0.15   0.0030   0.734463  0.369668  0.491803
108  0.35   3.0000   0.725417  0.370616  0.490590
109  0.70   0.0300   0.720670  0.366825  0.486181
110  0.35  10.0000   0.719331  0.366825  0.485876
111  0.95   0.0010   0.722642  0.363033  0.483281
112  0.20   0.0010   0.726236  0.362085  0.483238
113  0.20   0.0030   0.726236  0.362085  0.483238
114  0.20   0.0003   0.725714  0.361137  0.482278
115  0.20   0.0001   0.725191  0.360190  0.481317
116  0.85   0.0300   0.725191  0.360190  0.481317
117  0.15   0.0300   0.729572  0.355450  0.478011
118  0.75   0.0300   0.729572  0.355450  0.478011
119  0.25   0.0300   0.720841  0.357346  0.477820
120  0.25   0.0003   0.721154  0.355450  0.476190
121  0.25   0.0010   0.721154  0.355450  0.476190
122  0.25   0.0030   0.721154  0.355450  0.476190
123  0.30   0.0030   0.720617  0.354502  0.475222
124  0.25   0.0001   0.720077  0.353555  0.474253
125  0.30   0.0003   0.720077  0.353555  0.474253
126  0.30   0.0010   0.720077  0.353555  0.474253
127  0.30   0.0001   0.719536  0.352607  0.473282
128  0.95   0.0001   0.729249  0.349763  0.472774
129  0.95   0.0003   0.729249  0.349763  0.472774
130  0.95   0.0030   0.729249  0.349763  0.472774
131  0.95   0.0100   0.729249  0.349763  0.472774
132  0.90   0.0001   0.727273  0.348815  0.471493
133  0.90   0.0003   0.727273  0.348815  0.471493
134  0.90   0.0010   0.727273  0.348815  0.471493
135  0.90   0.0100   0.727273  0.348815  0.471493
136  0.90   0.0300   0.727273  0.348815  0.471493
137  0.85   0.0001   0.725838  0.348815  0.471191
138  0.85   0.0003   0.725838  0.348815  0.471191
139  0.85   0.0010   0.725838  0.348815  0.471191
140  0.85   0.0100   0.725838  0.348815  0.471191
141  0.70   0.0030   0.726733  0.347867  0.470513
142  0.75   0.0030   0.726733  0.347867  0.470513
143  0.80   0.0001   0.725296  0.347867  0.470211
144  0.80   0.0003   0.725296  0.347867  0.470211
145  0.80   0.0010   0.725296  0.347867  0.470211
146  0.80   0.0100   0.725296  0.347867  0.470211
147  0.35   0.0003   0.718750  0.348815  0.469687
148  0.35   0.0100   0.718750  0.348815  0.469687
149  0.70   0.0010   0.726190  0.346919  0.469532
150  0.75   0.0001   0.726190  0.346919  0.469532
151  0.75   0.0003   0.726190  0.346919  0.469532
152  0.75   0.0010   0.726190  0.346919  0.469532
153  0.55   0.0001   0.724752  0.346919  0.469231
154  0.60   0.0030   0.723320  0.346919  0.468930
155  0.65   0.0001   0.723320  0.346919  0.468930
156  0.65   0.0003   0.723320  0.346919  0.468930
157  0.65   0.0010   0.723320  0.346919  0.468930
158  0.35   0.0001   0.718200  0.347867  0.468710
159  0.35   0.0010   0.718200  0.347867  0.468710
160  0.35   0.0030   0.718200  0.347867  0.468710
161  0.70   0.0001   0.725646  0.345972  0.468549
162  0.70   0.0003   0.725646  0.345972  0.468549
163  0.50   0.0001   0.724206  0.345972  0.468249
164  0.50   0.0003   0.724206  0.345972  0.468249
165  0.50   0.0010   0.724206  0.345972  0.468249
166  0.50   0.0030   0.724206  0.345972  0.468249
167  0.50   0.0100   0.724206  0.345972  0.468249
168  0.45   0.0003   0.722772  0.345972  0.467949
169  0.55   0.0010   0.722772  0.345972  0.467949
170  0.55   0.0030   0.722772  0.345972  0.467949
171  0.55   0.0100   0.722772  0.345972  0.467949
172  0.60   0.0010   0.722772  0.345972  0.467949
173  0.45   0.0010   0.721344  0.345972  0.467649
174  0.45   0.0030   0.721344  0.345972  0.467649
175  0.45   0.0100   0.721344  0.345972  0.467649
176  0.65   0.0030   0.721344  0.345972  0.467649
177  0.45   0.0001   0.719921  0.345972  0.467350
178  0.55   0.0003   0.722222  0.345024  0.466966
179  0.60   0.0001   0.722222  0.345024  0.466966
180  0.60   0.0003   0.722222  0.345024  0.466966
181  0.40   0.0030   0.715976  0.344076  0.464789
182  0.40   0.0100   0.715976  0.344076  0.464789
183  0.40   0.0001   0.713163  0.344076  0.464194
184  0.40   0.0003   0.715415  0.343128  0.463805
185  0.40   0.0010   0.715415  0.343128  0.463805
186  0.30   0.0300   0.714286  0.341232  0.461835
187  0.30  10.0000   0.720430  0.317536  0.440789
188  0.30   0.3000   0.711864  0.318483  0.440079
189  0.30   3.0000   0.711864  0.318483  0.440079
190  0.30  30.0000   0.708861  0.318483  0.439503
191  0.30   1.0000   0.709130  0.316588  0.437746
192  0.20   0.0300   0.723684  0.312796  0.436797
193  0.25   0.1000   0.724816  0.279621  0.403557
194  0.20   0.1000   0.742347  0.275829  0.402211
195  0.25   3.0000   0.727047  0.277725  0.401920
196  0.10   0.0300   0.757256  0.272038  0.400279
197  0.25   1.0000   0.726131  0.273934  0.397798
198  0.25   0.3000   0.730964  0.272986  0.397516
199  0.25  10.0000   0.726582  0.272038  0.395862
200  0.25  30.0000   0.713514  0.250237  0.370526
201  0.20   0.3000   0.741742  0.234123  0.355908
202  0.20   3.0000   0.749226  0.229384  0.351234
203  0.20  10.0000   0.740061  0.229384  0.350217
204  0.20   1.0000   0.742947  0.224645  0.344978
205  0.20  30.0000   0.722222  0.221801  0.339376
206  0.10   0.0100   0.772242  0.205687  0.324850
207  0.05   0.0030   0.806084  0.200948  0.321700
208  0.15   0.1000   0.748252  0.202844  0.319165
209  0.15   1.0000   0.759036  0.179147  0.289877
210  0.15   3.0000   0.753036  0.176303  0.285714
211  0.15   0.3000   0.762500  0.173460  0.282625
212  0.15  30.0000   0.721116  0.171564  0.277182
213  0.15  10.0000   0.744589  0.163033  0.267496
214  0.05   0.0100   0.783784  0.137441  0.233871
215  0.10  30.0000   0.727749  0.131754  0.223114
216  0.10  10.0000   0.731707  0.113744  0.196883
217  0.10   0.3000   0.743750  0.112796  0.195885
218  0.10   1.0000   0.748387  0.109953  0.191736
219  0.10   3.0000   0.746753  0.109005  0.190240
220  0.10   0.1000   0.745098  0.108057  0.188742
221  0.05  30.0000   0.678082  0.093839  0.164863
222  0.05  10.0000   0.702128  0.062559  0.114883
223  0.05   3.0000   0.703704  0.054028  0.100352
224  0.05   0.0300   0.700000  0.053081  0.098678
225  0.05   0.3000   0.696203  0.052133  0.097002
226  0.05   1.0000   0.692308  0.051185  0.095322
227  0.05   0.1000   0.688312  0.050237  0.093640
nu_gamma_f1: [0.9500000000000001, 1, 0.81729991915925626]
Confusion matrix:
Prediction  -1     1
Target              
-1          21   408
 1          44  1011
Confusion matrix:
[[  21  408]
 [  44 1011]]
precision: 0.712473572939, recall: 0.958293838863, f1-score: 0.817299919159
