['evaluation_performance_1.py', 'haberman']
       nu    gamma  precision    recall        f1
0    0.65  30.0000   0.296482  0.728395  0.421429
1    0.95  30.0000   0.265306  0.962963  0.416000
2    0.80  30.0000   0.276423  0.839506  0.415902
3    0.80  10.0000   0.274194  0.839506  0.413374
4    0.85  30.0000   0.269962  0.876543  0.412791
5    0.90  10.0000   0.266187  0.913580  0.412256
6    0.80   1.0000   0.273092  0.839506  0.412121
7    0.85  10.0000   0.268199  0.864198  0.409357
8    0.60  30.0000   0.292553  0.679012  0.408922
9    0.55  30.0000   0.301775  0.629630  0.408000
10   0.50  30.0000   0.317241  0.567901  0.407080
11   0.70  30.0000   0.280374  0.740741  0.406780
12   0.90  30.0000   0.262590  0.901235  0.406685
13   0.90   3.0000   0.261649  0.901235  0.405556
14   0.95   3.0000   0.258621  0.925926  0.404313
15   0.45  30.0000   0.316901  0.555556  0.403587
16   0.85   3.0000   0.262172  0.864198  0.402299
17   0.95  10.0000   0.256849  0.925926  0.402145
18   0.70  10.0000   0.275701  0.728395  0.400000
19   0.90   1.0000   0.288043  0.654321  0.400000
20   0.80   3.0000   0.269565  0.765432  0.398714
21   0.65  10.0000   0.282051  0.679012  0.398551
22   0.75  30.0000   0.268398  0.765432  0.397436
23   0.75   0.1000   0.267241  0.765432  0.396166
24   0.90   0.0300   0.271889  0.728395  0.395973
25   0.80   0.3000   0.270642  0.728395  0.394649
26   0.95   1.0000   0.291667  0.604938  0.393574
27   0.75  10.0000   0.266376  0.753086  0.393548
28   0.85   0.3000   0.297468  0.580247  0.393305
29   0.85   1.0000   0.266667  0.740741  0.392157
30   0.90   0.3000   0.295597  0.580247  0.391667
31   0.70   3.0000   0.268519  0.716049  0.390572
32   0.75   1.0000   0.263158  0.740741  0.388350
33   0.75   3.0000   0.263158  0.740741  0.388350
34   0.65   3.0000   0.266355  0.703704  0.386441
35   0.60  10.0000   0.278689  0.629630  0.386364
36   0.65   1.0000   0.265403  0.691358  0.383562
37   0.70   1.0000   0.270408  0.654321  0.382671
38   0.65   0.3000   0.267677  0.654321  0.379928
39   0.60   3.0000   0.273224  0.617284  0.378788
40   0.75   0.3000   0.270270  0.617284  0.375940
41   0.50  10.0000   0.290541  0.530864  0.375546
42   0.55  10.0000   0.276471  0.580247  0.374502
43   0.95   0.3000   0.286667  0.530864  0.372294
44   0.70   0.1000   0.273256  0.580247  0.371542
45   0.60   0.3000   0.263158  0.617284  0.369004
46   0.70   0.3000   0.272189  0.567901  0.368000
47   0.85   0.1000   0.288732  0.506173  0.367713
48   0.55   3.0000   0.270588  0.567901  0.366534
49   0.50   3.0000   0.286713  0.506173  0.366071
50   0.95   0.1000   0.323810  0.419753  0.365591
51   0.65   0.1000   0.271084  0.555556  0.364372
52   0.55   0.3000   0.269461  0.555556  0.362903
53   0.85   0.0100   0.333333  0.395062  0.361582
54   0.60   1.0000   0.262570  0.580247  0.361538
55   0.90   0.1000   0.314815  0.419753  0.359788
56   0.55   1.0000   0.266667  0.543210  0.357724
57   0.70   0.0001   0.326531  0.395062  0.357542
58   0.70   0.0003   0.326531  0.395062  0.357542
59   0.70   0.0010   0.326531  0.395062  0.357542
60   0.75   0.0001   0.326531  0.395062  0.357542
61   0.75   0.0003   0.326531  0.395062  0.357542
62   0.75   0.0010   0.326531  0.395062  0.357542
63   0.75   0.0030   0.326531  0.395062  0.357542
64   0.75   0.0100   0.326531  0.395062  0.357542
65   0.75   0.0300   0.326531  0.395062  0.357542
66   0.80   0.0001   0.326531  0.395062  0.357542
67   0.80   0.0003   0.326531  0.395062  0.357542
68   0.80   0.0010   0.326531  0.395062  0.357542
69   0.80   0.0030   0.326531  0.395062  0.357542
70   0.80   0.0100   0.326531  0.395062  0.357542
71   0.80   0.0300   0.326531  0.395062  0.357542
72   0.85   0.0001   0.326531  0.395062  0.357542
73   0.85   0.0003   0.326531  0.395062  0.357542
74   0.85   0.0010   0.326531  0.395062  0.357542
75   0.85   0.0030   0.326531  0.395062  0.357542
76   0.85   0.0300   0.287879  0.469136  0.356808
77   0.50   0.1000   0.259887  0.567901  0.356589
78   0.50   0.3000   0.259887  0.567901  0.356589
79   0.35   3.0000   0.333333  0.382716  0.356322
80   0.65   0.0001   0.320000  0.395062  0.353591
81   0.45   3.0000   0.283582  0.469136  0.353488
82   0.90   0.0003   0.326316  0.382716  0.352273
83   0.90   0.0010   0.326316  0.382716  0.352273
84   0.90   0.0030   0.326316  0.382716  0.352273
85   0.90   0.0100   0.326316  0.382716  0.352273
86   0.95   0.0001   0.326316  0.382716  0.352273
87   0.95   0.0003   0.326316  0.382716  0.352273
88   0.95   0.0010   0.326316  0.382716  0.352273
89   0.95   0.0030   0.326316  0.382716  0.352273
90   0.95   0.0100   0.326316  0.382716  0.352273
91   0.95   0.0300   0.326316  0.382716  0.352273
92   0.35  30.0000   0.316832  0.395062  0.351648
93   0.70   0.0030   0.316832  0.395062  0.351648
94   0.70   0.0300   0.316832  0.395062  0.351648
95   0.45   1.0000   0.279412  0.469136  0.350230
96   0.60   0.0030   0.313725  0.395062  0.349727
97   0.60   0.0100   0.313725  0.395062  0.349727
98   0.60   0.0300   0.313725  0.395062  0.349727
99   0.45   0.3000   0.277372  0.469136  0.348624
100  0.90   0.0001   0.319588  0.382716  0.348315
101  0.55   0.0001   0.310680  0.395062  0.347826
102  0.60   0.0001   0.310680  0.395062  0.347826
103  0.60   0.0003   0.310680  0.395062  0.347826
104  0.60   0.0010   0.310680  0.395062  0.347826
105  0.65   0.0003   0.310680  0.395062  0.347826
106  0.65   0.0010   0.310680  0.395062  0.347826
107  0.65   0.0030   0.310680  0.395062  0.347826
108  0.65   0.0100   0.310680  0.395062  0.347826
109  0.50   1.0000   0.270833  0.481481  0.346667
110  0.55   0.0300   0.300000  0.407407  0.345550
111  0.45  10.0000   0.281250  0.444444  0.344498
112  0.35   1.0000   0.313131  0.382716  0.344444
113  0.50   0.0001   0.304762  0.395062  0.344086
114  0.50   0.0030   0.304762  0.395062  0.344086
115  0.50   0.0100   0.304762  0.395062  0.344086
116  0.50   0.0300   0.304762  0.395062  0.344086
117  0.55   0.0003   0.304762  0.395062  0.344086
118  0.55   0.0010   0.304762  0.395062  0.344086
119  0.55   0.0030   0.304762  0.395062  0.344086
120  0.55   0.0100   0.304762  0.395062  0.344086
121  0.40  30.0000   0.297297  0.407407  0.343750
122  0.45   0.0100   0.297297  0.407407  0.343750
123  0.45   0.0300   0.297297  0.407407  0.343750
124  0.45   0.1000   0.297297  0.407407  0.343750
125  0.30  30.0000   0.341463  0.345679  0.343558
126  0.40  10.0000   0.290598  0.419753  0.343434
127  0.35  10.0000   0.319149  0.370370  0.342857
128  0.35   0.1000   0.301887  0.395062  0.342246
129  0.50   0.0003   0.301887  0.395062  0.342246
130  0.50   0.0010   0.301887  0.395062  0.342246
131  0.40   3.0000   0.294643  0.407407  0.341969
132  0.80   0.1000   0.294643  0.407407  0.341969
133  0.40   0.3000   0.272059  0.456790  0.341014
134  0.35   0.0001   0.299065  0.395062  0.340426
135  0.35   0.0003   0.299065  0.395062  0.340426
136  0.35   0.0010   0.299065  0.395062  0.340426
137  0.35   0.0030   0.299065  0.395062  0.340426
138  0.35   0.0300   0.299065  0.395062  0.340426
139  0.40   0.0003   0.299065  0.395062  0.340426
140  0.40   0.0010   0.299065  0.395062  0.340426
141  0.40   0.0030   0.299065  0.395062  0.340426
142  0.40   0.0100   0.299065  0.395062  0.340426
143  0.40   0.0300   0.299065  0.395062  0.340426
144  0.45   0.0003   0.299065  0.395062  0.340426
145  0.45   0.0010   0.299065  0.395062  0.340426
146  0.45   0.0030   0.299065  0.395062  0.340426
147  0.70   0.0100   0.299065  0.395062  0.340426
148  0.60   0.1000   0.274809  0.444444  0.339623
149  0.40   0.0001   0.296296  0.395062  0.338624
150  0.40   0.1000   0.296296  0.395062  0.338624
151  0.65   0.0300   0.296296  0.395062  0.338624
152  0.40   1.0000   0.289474  0.407407  0.338462
153  0.55   0.1000   0.283333  0.419753  0.338308
154  0.25  30.0000   0.356164  0.320988  0.337662
155  0.30   3.0000   0.329412  0.345679  0.337349
156  0.30   0.3000   0.337500  0.333333  0.335404
157  0.30   1.0000   0.325581  0.345679  0.335329
158  0.45   0.0001   0.295238  0.382716  0.333333
159  0.25   0.0001   0.285714  0.395062  0.331606
160  0.30   0.0001   0.285714  0.395062  0.331606
161  0.30   0.0003   0.285714  0.395062  0.331606
162  0.30   0.0010   0.285714  0.395062  0.331606
163  0.30   0.0030   0.285714  0.395062  0.331606
164  0.15   0.0300   0.300000  0.370370  0.331492
165  0.20   0.0100   0.329268  0.333333  0.331288
166  0.25  10.0000   0.357143  0.308642  0.331126
167  0.15   0.0001   0.283186  0.395062  0.329897
168  0.15   0.0003   0.283186  0.395062  0.329897
169  0.15   0.0010   0.283186  0.395062  0.329897
170  0.15   0.0030   0.283186  0.395062  0.329897
171  0.30  10.0000   0.325301  0.333333  0.329268
172  0.35   0.3000   0.269841  0.419753  0.328502
173  0.20   0.0001   0.280702  0.395062  0.328205
174  0.20   0.0003   0.280702  0.395062  0.328205
175  0.20   0.0010   0.280702  0.395062  0.328205
176  0.20   0.0030   0.280702  0.395062  0.328205
177  0.25   0.0003   0.280702  0.395062  0.328205
178  0.25   0.0010   0.280702  0.395062  0.328205
179  0.25   0.0030   0.280702  0.395062  0.328205
180  0.25   0.0100   0.280702  0.395062  0.328205
181  0.25   0.0300   0.280702  0.395062  0.328205
182  0.30   0.1000   0.280702  0.395062  0.328205
183  0.30   0.0100   0.270492  0.407407  0.325123
184  0.35   0.0100   0.273504  0.395062  0.323232
185  0.30   0.0300   0.268908  0.395062  0.320000
186  0.15   0.0100   0.264463  0.395062  0.316832
187  0.25   0.3000   0.324675  0.308642  0.316456
188  0.20  30.0000   0.403846  0.259259  0.315789
189  0.25   0.1000   0.262295  0.395062  0.315271
190  0.10   0.0003   0.267857  0.370370  0.310881
191  0.10   0.0010   0.267857  0.370370  0.310881
192  0.10   0.0030   0.267857  0.370370  0.310881
193  0.10   0.0001   0.265487  0.370370  0.309278
194  0.20  10.0000   0.375000  0.259259  0.306569
195  0.10   0.0100   0.256410  0.370370  0.303030
196  0.25   3.0000   0.323944  0.283951  0.302632
197  0.20   0.0300   0.344262  0.259259  0.295775
198  0.15  30.0000   0.395833  0.234568  0.294574
199  0.25   1.0000   0.318841  0.271605  0.293333
200  0.05   0.0001   0.247706  0.333333  0.284211
201  0.05   0.0003   0.243243  0.333333  0.281250
202  0.05   0.0010   0.241071  0.333333  0.279793
203  0.20   3.0000   0.333333  0.222222  0.266667
204  0.20   0.1000   0.333333  0.209877  0.257576
205  0.20   0.3000   0.333333  0.209877  0.257576
206  0.20   1.0000   0.314815  0.209877  0.251852
207  0.15   0.1000   0.333333  0.197531  0.248062
208  0.15  10.0000   0.375000  0.185185  0.247934
209  0.15   0.3000   0.340909  0.185185  0.240000
210  0.15   1.0000   0.340909  0.185185  0.240000
211  0.15   3.0000   0.368421  0.172840  0.235294
212  0.05   0.0030   0.300000  0.148148  0.198347
213  0.10  10.0000   0.357143  0.123457  0.183486
214  0.10   0.0300   0.344828  0.123457  0.181818
215  0.10   0.1000   0.360000  0.111111  0.169811
216  0.10   0.3000   0.360000  0.111111  0.169811
217  0.10  30.0000   0.360000  0.111111  0.169811
218  0.10   3.0000   0.346154  0.111111  0.168224
219  0.10   1.0000   0.321429  0.111111  0.165138
220  0.05   0.0100   0.333333  0.086420  0.137255
221  0.05  30.0000   0.416667  0.061728  0.107527
222  0.05  10.0000   0.384615  0.061728  0.106383
223  0.05   1.0000   0.333333  0.061728  0.104167
224  0.05   3.0000   0.333333  0.061728  0.104167
225  0.05   0.0300   0.307692  0.049383  0.085106
226  0.05   0.1000   0.307692  0.049383  0.085106
227  0.05   0.3000   0.285714  0.049383  0.084211
nu_gamma_f1: [0.65, 30, 0.42142857142857143]
Confusion matrix:
Prediction  -1    1
Target             
-1          85  140
 1          22   59
Confusion matrix:
[[ 85 140]
 [ 22  59]]
precision: 0.29648241206, recall: 0.728395061728, f1-score: 0.421428571429

*** PROFILER RESULTS ***
incremental_ocsvm (evaluation_performance_1.py:185)
function called 0 times

         0 function calls in 0.000 seconds

   Ordered by: cumulative time, internal time, call count

   ncalls  tottime  percall  cumtime  percall filename:lineno(function)
        0    0.000             0.000          profile:0(profiler)



*** PROFILER RESULTS ***
cvxopt_ocsvm (evaluation_performance_1.py:181)
function called 0 times

         0 function calls in 0.000 seconds

   Ordered by: cumulative time, internal time, call count

   ncalls  tottime  percall  cumtime  percall filename:lineno(function)
        0    0.000             0.000          profile:0(profiler)



*** PROFILER RESULTS ***
sklearn_ocsvm (evaluation_performance_1.py:177)
function called 0 times

         0 function calls in 0.000 seconds

   Ordered by: cumulative time, internal time, call count

   ncalls  tottime  percall  cumtime  percall filename:lineno(function)
        0    0.000             0.000          profile:0(profiler)


