mnist classes = 2
size: 1000
(122,)
(878,)
       nu    gamma  precision    recall        f1
0    0.45   0.0001   0.887765  1.000000  0.940546
1    0.15   0.0001   0.883300  1.000000  0.938034
2    0.50   0.0001   0.883300  1.000000  0.938034
3    0.60   0.0001   0.883300  1.000000  0.938034
4    0.65   0.0001   0.883300  1.000000  0.938034
5    0.75   0.0001   0.883300  1.000000  0.938034
6    0.85   0.0001   0.883300  1.000000  0.938034
7    0.95   0.0001   0.883300  1.000000  0.938034
8    0.80   0.0001   0.881526  1.000000  0.937033
9    0.05   0.0001   0.879760  1.000000  0.936034
10   0.10   0.0001   0.879760  1.000000  0.936034
11   0.20   0.0001   0.879760  1.000000  0.936034
12   0.25   0.0001   0.879760  1.000000  0.936034
13   0.40   0.0001   0.879760  1.000000  0.936034
14   0.55   0.0001   0.879760  1.000000  0.936034
15   0.15   0.0003   0.878000  1.000000  0.935037
16   0.15   0.0010   0.878000  1.000000  0.935037
17   0.15   0.0030   0.878000  1.000000  0.935037
18   0.15   0.0100   0.878000  1.000000  0.935037
19   0.15   0.0300   0.878000  1.000000  0.935037
20   0.15   0.1000   0.878000  1.000000  0.935037
21   0.15   0.3000   0.878000  1.000000  0.935037
22   0.15   1.0000   0.878000  1.000000  0.935037
23   0.15   3.0000   0.878000  1.000000  0.935037
24   0.15  10.0000   0.878000  1.000000  0.935037
25   0.15  30.0000   0.878000  1.000000  0.935037
26   0.30   0.0003   0.878000  1.000000  0.935037
27   0.30   0.0010   0.878000  1.000000  0.935037
28   0.30   0.0030   0.878000  1.000000  0.935037
29   0.30   0.0100   0.878000  1.000000  0.935037
30   0.30   0.0300   0.878000  1.000000  0.935037
31   0.30   0.1000   0.878000  1.000000  0.935037
32   0.30   0.3000   0.878000  1.000000  0.935037
33   0.30   1.0000   0.878000  1.000000  0.935037
34   0.30   3.0000   0.878000  1.000000  0.935037
35   0.30  10.0000   0.878000  1.000000  0.935037
36   0.30  30.0000   0.878000  1.000000  0.935037
37   0.45   0.0003   0.878000  1.000000  0.935037
38   0.45   0.0010   0.878000  1.000000  0.935037
39   0.45   0.0030   0.878000  1.000000  0.935037
40   0.45   0.0100   0.878000  1.000000  0.935037
41   0.45   0.0300   0.878000  1.000000  0.935037
42   0.45   0.1000   0.878000  1.000000  0.935037
43   0.45   0.3000   0.878000  1.000000  0.935037
44   0.45   1.0000   0.878000  1.000000  0.935037
45   0.45   3.0000   0.878000  1.000000  0.935037
46   0.45  10.0000   0.878000  1.000000  0.935037
47   0.45  30.0000   0.878000  1.000000  0.935037
48   0.55   0.0003   0.878000  1.000000  0.935037
49   0.55   0.0010   0.878000  1.000000  0.935037
50   0.55   0.0030   0.878000  1.000000  0.935037
51   0.55   0.0100   0.878000  1.000000  0.935037
52   0.55   0.0300   0.878000  1.000000  0.935037
53   0.55   0.1000   0.878000  1.000000  0.935037
54   0.55   0.3000   0.878000  1.000000  0.935037
55   0.55   1.0000   0.878000  1.000000  0.935037
56   0.55   3.0000   0.878000  1.000000  0.935037
57   0.55  10.0000   0.878000  1.000000  0.935037
58   0.55  30.0000   0.878000  1.000000  0.935037
59   0.60   0.0003   0.878000  1.000000  0.935037
60   0.60   0.0010   0.878000  1.000000  0.935037
61   0.60   0.0030   0.878000  1.000000  0.935037
62   0.60   0.0100   0.878000  1.000000  0.935037
63   0.60   0.0300   0.878000  1.000000  0.935037
64   0.60   0.1000   0.878000  1.000000  0.935037
65   0.60   0.3000   0.878000  1.000000  0.935037
66   0.60   1.0000   0.878000  1.000000  0.935037
67   0.60   3.0000   0.878000  1.000000  0.935037
68   0.60  10.0000   0.878000  1.000000  0.935037
69   0.60  30.0000   0.878000  1.000000  0.935037
70   0.75   0.0003   0.878000  1.000000  0.935037
71   0.75   0.0010   0.878000  1.000000  0.935037
72   0.75   0.0030   0.878000  1.000000  0.935037
73   0.75   0.0100   0.878000  1.000000  0.935037
74   0.75   0.0300   0.878000  1.000000  0.935037
75   0.75   0.1000   0.878000  1.000000  0.935037
76   0.75   0.3000   0.878000  1.000000  0.935037
77   0.75   1.0000   0.878000  1.000000  0.935037
78   0.75   3.0000   0.878000  1.000000  0.935037
79   0.75  10.0000   0.878000  1.000000  0.935037
80   0.75  30.0000   0.878000  1.000000  0.935037
81   0.85   0.0003   0.878000  1.000000  0.935037
82   0.85   0.0010   0.878000  1.000000  0.935037
83   0.85   0.0030   0.878000  1.000000  0.935037
84   0.85   0.0100   0.878000  1.000000  0.935037
85   0.85   0.0300   0.878000  1.000000  0.935037
86   0.85   0.1000   0.878000  1.000000  0.935037
87   0.85   0.3000   0.878000  1.000000  0.935037
88   0.85   1.0000   0.878000  1.000000  0.935037
89   0.85   3.0000   0.878000  1.000000  0.935037
90   0.85  10.0000   0.878000  1.000000  0.935037
91   0.85  30.0000   0.878000  1.000000  0.935037
92   0.90   0.0003   0.878000  1.000000  0.935037
93   0.90   0.0010   0.878000  1.000000  0.935037
94   0.90   0.0030   0.878000  1.000000  0.935037
95   0.90   0.0100   0.878000  1.000000  0.935037
96   0.90   0.0300   0.878000  1.000000  0.935037
97   0.90   0.1000   0.878000  1.000000  0.935037
98   0.90   0.3000   0.878000  1.000000  0.935037
99   0.90   1.0000   0.878000  1.000000  0.935037
100  0.90   3.0000   0.878000  1.000000  0.935037
101  0.90  10.0000   0.878000  1.000000  0.935037
102  0.90  30.0000   0.878000  1.000000  0.935037
103  0.95   0.0003   0.878000  1.000000  0.935037
104  0.95   0.0010   0.878000  1.000000  0.935037
105  0.95   0.0030   0.878000  1.000000  0.935037
106  0.95   0.0100   0.878000  1.000000  0.935037
107  0.95   0.0300   0.878000  1.000000  0.935037
108  0.95   0.1000   0.878000  1.000000  0.935037
109  0.95   0.3000   0.878000  1.000000  0.935037
110  0.95   1.0000   0.878000  1.000000  0.935037
111  0.95   3.0000   0.878000  1.000000  0.935037
112  0.95  10.0000   0.878000  1.000000  0.935037
113  0.95  30.0000   0.878000  1.000000  0.935037
114  0.05   0.0003   0.870000  0.198178  0.322820
115  0.05   0.0010   0.870000  0.198178  0.322820
116  0.05   0.0030   0.870000  0.198178  0.322820
117  0.05   0.0100   0.870000  0.198178  0.322820
118  0.05   0.0300   0.870000  0.198178  0.322820
119  0.05   0.1000   0.870000  0.198178  0.322820
120  0.05   0.3000   0.870000  0.198178  0.322820
121  0.05   1.0000   0.870000  0.198178  0.322820
122  0.05   3.0000   0.870000  0.198178  0.322820
123  0.05  10.0000   0.870000  0.198178  0.322820
124  0.05  30.0000   0.870000  0.198178  0.322820
125  0.10   0.0003   0.870000  0.198178  0.322820
126  0.10   0.0010   0.870000  0.198178  0.322820
127  0.10   0.0030   0.870000  0.198178  0.322820
128  0.10   0.0100   0.870000  0.198178  0.322820
129  0.10   0.0300   0.870000  0.198178  0.322820
130  0.10   0.1000   0.870000  0.198178  0.322820
131  0.10   0.3000   0.870000  0.198178  0.322820
132  0.10   1.0000   0.870000  0.198178  0.322820
133  0.10   3.0000   0.870000  0.198178  0.322820
134  0.10  10.0000   0.870000  0.198178  0.322820
135  0.10  30.0000   0.870000  0.198178  0.322820
136  0.20   0.0003   0.870000  0.198178  0.322820
137  0.20   0.0010   0.870000  0.198178  0.322820
138  0.20   0.0030   0.870000  0.198178  0.322820
139  0.20   0.0100   0.870000  0.198178  0.322820
140  0.20   0.0300   0.870000  0.198178  0.322820
141  0.20   0.1000   0.870000  0.198178  0.322820
142  0.20   0.3000   0.870000  0.198178  0.322820
143  0.20   1.0000   0.870000  0.198178  0.322820
144  0.20   3.0000   0.870000  0.198178  0.322820
145  0.20  10.0000   0.870000  0.198178  0.322820
146  0.20  30.0000   0.870000  0.198178  0.322820
147  0.25   0.0003   0.870000  0.198178  0.322820
148  0.25   0.0010   0.870000  0.198178  0.322820
149  0.25   0.0030   0.870000  0.198178  0.322820
150  0.25   0.0100   0.870000  0.198178  0.322820
151  0.25   0.0300   0.870000  0.198178  0.322820
152  0.25   0.1000   0.870000  0.198178  0.322820
153  0.25   0.3000   0.870000  0.198178  0.322820
154  0.25   1.0000   0.870000  0.198178  0.322820
155  0.25   3.0000   0.870000  0.198178  0.322820
156  0.25  10.0000   0.870000  0.198178  0.322820
157  0.25  30.0000   0.870000  0.198178  0.322820
158  0.30   0.0001   0.870000  0.198178  0.322820
159  0.35   0.0001   0.870000  0.198178  0.322820
160  0.35   0.0003   0.870000  0.198178  0.322820
161  0.35   0.0010   0.870000  0.198178  0.322820
162  0.35   0.0030   0.870000  0.198178  0.322820
163  0.35   0.0100   0.870000  0.198178  0.322820
164  0.35   0.0300   0.870000  0.198178  0.322820
165  0.35   0.1000   0.870000  0.198178  0.322820
166  0.35   0.3000   0.870000  0.198178  0.322820
167  0.35   1.0000   0.870000  0.198178  0.322820
168  0.35   3.0000   0.870000  0.198178  0.322820
169  0.35  10.0000   0.870000  0.198178  0.322820
170  0.35  30.0000   0.870000  0.198178  0.322820
171  0.40   0.0003   0.870000  0.198178  0.322820
172  0.40   0.0010   0.870000  0.198178  0.322820
173  0.40   0.0030   0.870000  0.198178  0.322820
174  0.40   0.0100   0.870000  0.198178  0.322820
175  0.40   0.0300   0.870000  0.198178  0.322820
176  0.40   0.1000   0.870000  0.198178  0.322820
177  0.40   0.3000   0.870000  0.198178  0.322820
178  0.40   1.0000   0.870000  0.198178  0.322820
179  0.40   3.0000   0.870000  0.198178  0.322820
180  0.40  10.0000   0.870000  0.198178  0.322820
181  0.40  30.0000   0.870000  0.198178  0.322820
182  0.50   0.0003   0.870000  0.198178  0.322820
183  0.50   0.0010   0.870000  0.198178  0.322820
184  0.50   0.0030   0.870000  0.198178  0.322820
185  0.50   0.0100   0.870000  0.198178  0.322820
186  0.50   0.0300   0.870000  0.198178  0.322820
187  0.50   0.1000   0.870000  0.198178  0.322820
188  0.50   0.3000   0.870000  0.198178  0.322820
189  0.50   1.0000   0.870000  0.198178  0.322820
190  0.50   3.0000   0.870000  0.198178  0.322820
191  0.50  10.0000   0.870000  0.198178  0.322820
192  0.50  30.0000   0.870000  0.198178  0.322820
193  0.65   0.0003   0.870000  0.198178  0.322820
194  0.65   0.0010   0.870000  0.198178  0.322820
195  0.65   0.0030   0.870000  0.198178  0.322820
196  0.65   0.0100   0.870000  0.198178  0.322820
197  0.65   0.0300   0.870000  0.198178  0.322820
198  0.65   0.1000   0.870000  0.198178  0.322820
199  0.65   0.3000   0.870000  0.198178  0.322820
200  0.65   1.0000   0.870000  0.198178  0.322820
201  0.65   3.0000   0.870000  0.198178  0.322820
202  0.65  10.0000   0.870000  0.198178  0.322820
203  0.65  30.0000   0.870000  0.198178  0.322820
204  0.70   0.0001   0.870000  0.198178  0.322820
205  0.70   0.0003   0.870000  0.198178  0.322820
206  0.70   0.0010   0.870000  0.198178  0.322820
207  0.70   0.0030   0.870000  0.198178  0.322820
208  0.70   0.0100   0.870000  0.198178  0.322820
209  0.70   0.0300   0.870000  0.198178  0.322820
210  0.70   0.1000   0.870000  0.198178  0.322820
211  0.70   0.3000   0.870000  0.198178  0.322820
212  0.70   1.0000   0.870000  0.198178  0.322820
213  0.70   3.0000   0.870000  0.198178  0.322820
214  0.70  10.0000   0.870000  0.198178  0.322820
215  0.70  30.0000   0.870000  0.198178  0.322820
216  0.80   0.0003   0.870000  0.198178  0.322820
217  0.80   0.0010   0.870000  0.198178  0.322820
218  0.80   0.0030   0.870000  0.198178  0.322820
219  0.80   0.0100   0.870000  0.198178  0.322820
220  0.80   0.0300   0.870000  0.198178  0.322820
221  0.80   0.1000   0.870000  0.198178  0.322820
222  0.80   0.3000   0.870000  0.198178  0.322820
223  0.80   1.0000   0.870000  0.198178  0.322820
224  0.80   3.0000   0.870000  0.198178  0.322820
225  0.80  10.0000   0.870000  0.198178  0.322820
226  0.80  30.0000   0.870000  0.198178  0.322820
227  0.90   0.0001   0.870000  0.198178  0.322820
nu_gamma_f1: [0.05, 0.0003, 0.32282003710575141]
Confusion matrix:
Prediction   -1    1
Target              
-1           96   26
 1          704  174
Confusion matrix:
[[ 96  26]
 [704 174]]
precision: 0.87, recall: 0.198177676538, f1-score: 0.322820037106

*** PROFILER RESULTS ***
incremental_ocsvm (evaluation_performance.py:185)
function called 0 times

         0 function calls in 0.000 seconds

   Ordered by: cumulative time, internal time, call count

   ncalls  tottime  percall  cumtime  percall filename:lineno(function)
        0    0.000             0.000          profile:0(profiler)



*** PROFILER RESULTS ***
cvxopt_ocsvm (evaluation_performance.py:181)
function called 0 times

         0 function calls in 0.000 seconds

   Ordered by: cumulative time, internal time, call count

   ncalls  tottime  percall  cumtime  percall filename:lineno(function)
        0    0.000             0.000          profile:0(profiler)



*** PROFILER RESULTS ***
sklearn_ocsvm (evaluation_performance.py:177)
function called 0 times

         0 function calls in 0.000 seconds

   Ordered by: cumulative time, internal time, call count

   ncalls  tottime  percall  cumtime  percall filename:lineno(function)
        0    0.000             0.000          profile:0(profiler)


